1710569235.528878 0.9999999812903199 -4.9479825872929525e-05 0.00018700563309598855 0.001545590222503 4.9463255267164676e-05 0.999999994850492 8.861378203122339e-05 -0.000839288383404 -0.00018701001672750638 -8.860453046592164e-05 0.9999999785882452 0.002668330060776
1710569235.628433 0.9999999859326559 0.00016741381738790835 -1.0358649596998022e-05 0.004446393282984 -0.00016741405310487665 0.9999999857272838 -2.2758888104805657e-05 -0.002857153602490 1.0354839296814825e-05 2.276062196816227e-05 0.9999999996873657 -0.002971984435459
1710569235.728575 0.9999999191067926 8.315158169179e-05 -0.00039353808287006365 0.003221152191620 -8.290392222258412e-05 0.9999997985607447 0.0006292896071741072 -0.002489236682801 0.000393590330022224 -0.0006292569304182386 0.9999997245611458 -0.002809609395749
1710569235.827746 0.9999999655615031 -0.0002481606958370423 8.540059531974546e-05 0.004762259338353 0.00024810298939012505 0.9999997413671824 0.0006750633118592549 -0.001841463622698 -8.556809741355391e-05 -0.0006750421004680947 0.9999997684981049 0.001467475872094
1710569235.929078 0.9999997593141919 4.883279767195694e-05 -0.0006920888064494893 0.004275131310839 -4.8168457931746576e-05 0.9999995381458647 0.0009598895024081337 -0.000775137697212 0.0006921353608952706 -0.0009598559345257947 0.9999992998123685 -0.000954429036714
1710569236.029095 0.999999811392531 -0.0002966787942201751 -0.000537770020872147 0.004237551581508 0.00029661174553631634 0.9999999482288835 -0.00012475456989622535 -0.002835504598213 0.0005378070050665628 0.0001245950374619937 0.9999998476198394 -0.000317795893146
1710569236.128603 0.9999998281177321 -9.585790806076192e-05 -0.0005784252481423085 0.003407720269050 9.61759784043888e-05 0.9999998441870089 0.0005498873875414319 -0.002204959669434 0.0005783724469615017 -0.0005499429236397145 0.999999681523996 0.002890299777855
1710569236.228101 0.9999999881753782 0.00010751380672237445 -0.00010995464889168376 0.004853062858497 -0.00010748463375872977 0.999999959034227 0.00026528964912015464 -0.002836019826083 0.00010998316668736752 -0.0002652778275480387 0.9999999587656878 0.000100214561904
1710569236.327571 0.9999999211426456 -9.820215254807494e-06 -0.00039701166979483614 0.003422390177827 9.990286272214466e-06 0.9999999081961661 0.0004283781663665538 -0.002671222961663 0.0003970074265818386 -0.0004283820988460196 0.9999998294369258 0.001096785830104
1710569236.428363 0.9999998959487503 -3.405948751544888e-05 -0.0004549092656205609 0.002934068264575 3.43410988725282e-05 0.9999998077951333 0.0006190560437588888 -0.001316434581156 0.0004548880934531924 -0.0006190716014294024 0.9999997049135438 -0.000111358883274
1710569236.528594 0.9999999740364692 -0.0001839991403436047 -0.00013442982250505932 0.003504426293946 0.0001840786420621527 0.9999998080464929 0.0005916265975415881 -0.000883782357852 0.00013432093791543136 -0.0005916513278400521 0.999999815953279 0.001083803430240
1710569236.626718 0.9999999524000807 6.3630916162341286e-06 -0.0003084790874214688 0.003514658552067 -6.308802119910294e-06 0.999999984493595 0.00017599150207370525 -0.002763747547775 0.0003084802024881185 -0.00017598954756300325 0.9999999369338199 -0.000011646479947
1710569236.727757 0.9999999376941187 -9.152898361739208e-05 -0.00034093137731120153 0.003438368286742 9.168886466748149e-05 0.9999998858312408 0.0004689676507493243 -0.002084805248727 0.0003408884142550667 -0.00046899888114079665 0.9999998319175551 -0.000745134549736
1710569236.827680 0.9999999250511059 -0.00013970800221314948 -0.00036108095581948276 0.002630572950863 0.00013987202677954216 0.9999998870352479 0.0004542744849185419 -0.001919573538114 0.0003610174492493177 -0.0004543249559962936 0.9999998316276036 0.001275046633376
1710569236.927536 0.9999999807327724 -0.00019190901535866677 -4.12963034609045e-05 0.003796540064686 0.00019193067067450135 0.9999998437555332 0.0005250252629744035 -0.001920248052202 4.119553992732974e-05 -0.000525033178885842 0.9999998613215346 0.001388826178370
1710569237.025346 0.9999999348550512 -2.5884534033424206e-06 -0.0003609476322529384 0.001506715060494 2.738406034981299e-06 0.9999999137003683 0.0004154416409166284 -0.001491801513694 0.0003609465257519614 -0.0004154426022738785 0.9999998485625134 0.001248062359456
1710569237.126297 0.9999999929354592 -7.717812039013029e-05 -9.040254009778235e-05 0.002475524927290 7.722838292805911e-05 0.9999998423862487 0.0005561144258165481 -0.000144772518484 9.035960598299254e-05 -0.0005561214035298393 0.9999998412820504 0.000396328013442
1710569237.225252 0.9999999919163465 0.0001244470464326436 2.6081405728032243e-05 0.002779449780532 -0.00012446067156792327 0.9999998554593444 0.0005230591089562278 0.000786825550181 -2.6016308796989467e-05 -0.0005230623508372716 0.999999862864455 0.002414963041247
1710569237.326367 0.9999999844511136 0.00010551113053867431 -0.00014129817380802975 0.001847776749260 -0.00010546306005372549 0.9999999365808742 0.00034017023761118116 0.001064988560491 0.00014133405659336906 -0.000340155330584123 0.9999999321595154 0.000905843630453
1710569237.425976 0.999999977657597 1.7947955356036576e-05 -0.00021062449170195652 0.000650451845499 -1.7902308637245537e-05 0.9999999763558152 0.00021672073384252402 -0.000088454935469 0.00021062837641596782 -0.00021671695833580502 0.9999999543347224 -0.000303746934437
1710569237.525184 0.9999999968011648 -6.891902387603068e-05 4.059357631915139e-05 0.000211709267513 6.891113618747225e-05 0.9999999787536286 0.00019427814520751592 0.000172622607336 -4.060696491681333e-05 -0.0001942753472365861 0.9999999803040818 0.000318552669203
1710569237.626095 0.9999999949530279 9.026881249316796e-05 4.410766006920603e-05 0.000503386439205 -9.028481939244195e-05 0.9999999300260006 0.0003630380766909986 0.000368975694466 -4.407488596674395e-05 -0.0003630420571108787 0.9999999331289323 0.000666477241668
1710569237.727492 0.9999999112873137 0.00012179994344582387 -0.00040322467503151917 -0.002518367108553 -0.00012168970089513885 0.9999999552177791 0.00027341553843320487 -0.003794073364871 0.000403257958971341 -0.0002733664458876798 0.9999998813268953 -0.001301109674010
1710569237.824488 0.9999993416177555 7.35142337416562e-05 -0.0011451461534951275 0.004328507360116 -7.362167046653344e-05 0.9999999928928287 -9.377735394479904e-05 -0.002302466436710 0.00114513925138606 9.386159977620291e-05 0.9999993399228296 0.000845793798364
1710569237.929882 0.9999993197486879 0.00023543141880538003 -0.0011423984455370218 0.020219346719172 -0.00023451954113921586 0.9999996538734408 0.0007982816441019716 -0.001015716707864 0.0011425859907026558 -0.0007980131863105903 0.9999990288356326 -0.003697780103100
1710569238.026541 0.9999969176391493 0.0008000254485265979 -0.0023504619720567613 0.028140545519063 -0.0007994253468795852 0.9999996476298647 0.0002562406311992246 -0.008976071027026 0.0023506661428500646 -0.00025436082249579594 0.999997204830722 -0.001888763622672
1710569238.131189 0.9999744621660778 -0.006851956086902301 -0.002031185232006946 0.073810398757473 0.006855352027838227 0.9999751078482784 0.0016696803282259455 0.000589357814909 0.0020196940951478074 -0.0016835621780061738 0.9999965432211028 0.004949026825632
1710569238.231496 0.9997966853125976 -0.020159428176792886 -0.00043068959530506706 0.149562678239810 0.020159549958315544 0.9997967363266934 0.0002803140568067592 -0.004087596524609 0.00042495108066072914 -0.0002889395732550043 0.9999998679652423 -0.002607628039765
1710569238.325365 0.9991057722779986 -0.042279202828570325 0.0003532831225481677 0.251369751484886 0.042279156099989126 0.9991058270868393 0.0001387104737775987 0.008253260343257 -0.0003588317946045985 -0.00012364992274090927 0.9999999279752173 0.006923029616487
1710569238.426273 0.9975613078186245 -0.06979313857216196 -0.0005957780143526983 0.313051871209224 0.06979345176281507 0.9975613271707334 0.0005221344621872924 0.029567253714307 0.0005578837038240831 -0.0005624425410628005 0.9999996862120313 0.009992826589818
1710569238.531590 0.9956149175940053 -0.09347904784321465 -0.003550137829445119 0.364242513210039 0.0934890568301181 0.9956164644176256 0.0027662309306479642 0.061264884677314 0.003275991040435992 -0.0030859998173548087 0.9999898721926289 0.002708906563006
1710569238.632890 0.9923925105297177 -0.12305518007170814 -0.0038115222738174604 0.434047421408419 0.12306002010765398 0.992398662080586 0.0010615798447007215 0.074097737927794 0.0036519167060766575 -0.0015225498948670444 0.999992172642461 -0.005618560127364
1710569238.737107 0.9893529127639634 -0.1454881296875206 -0.003744078723602856 0.511388585491045 0.14548808538955463 0.9893599625091606 -0.0002856458541927258 0.091547557469677 0.0037457996666945617 -0.0002621142871802234 0.9999929501156283 -0.000085066915640
1710569238.843076 0.9857379871041255 -0.1682395192756781 -0.004010602672369123 0.580229028113328 0.1682486652936348 0.9857424290470577 0.0020616021238135406 0.107901271773408 0.003606578269955653 -0.0027069780743867395 0.9999898323797535 -0.000311923387690
1710569238.944347 0.9820111758593322 -0.18874494200137518 -0.005421932890521227 0.658783534035767 0.18876925072890752 0.9820116801799589 0.00438519889867895 0.136680555268314 0.004496717315848078 -0.005329808536114876 0.9999756860415906 -0.002911961074389
1710569239.045202 0.9782146902499972 -0.20751557770388612 -0.005771030178783186 0.737671289076449 0.20753554274519737 0.9782225624746843 0.0031010906014878638 0.171966833214948 0.005001827321928179 -0.004231226262524311 0.999978538993591 0.002241221613334
1710569239.143968 0.974022142818834 -0.22642761132610761 -0.0033767036825849152 0.829039842504232 0.22643941790088273 0.9740183832376462 0.003657750105078725 0.206024648624696 0.00246075584246317 -0.004327348411552891 0.9999876092914396 0.002276654475341
1710569239.225732 0.9705780718868071 -0.24078243664752041 -0.0014228754586515086 0.915088098786019 0.24078663306086445 0.9705625897459468 0.005482401376560596 0.240398038868423 6.0923727906780206e-05 -0.005663707948325389 0.9999839592216344 -0.007106758760400
1710569239.330795 0.9663722546327616 -0.2571168625332278 -0.0039477179562680265 0.988351906009511 0.2571269461209878 0.9663749086806435 0.0022955284735171983 0.257766513922927 0.0032247565005190187 -0.0032333996887687014 0.9999895729816212 0.007406270166842
1710569239.424731 0.9626076833425821 -0.2708816665049149 -0.003093658246672242 1.074977650339995 0.2708960490509634 0.962589468061881 0.006070138789446909 0.297896464939608 0.0013336335348279793 -0.006681222033814877 0.9999767910775378 0.008840139485109
1710569239.583110 0.9571792558921635 -0.2894885086079624 -0.0020677218531621328 1.213628317453274 0.28948566211161697 0.957060966076791 0.015243314730010145 0.350437132651289 -0.0024338285730669774 -0.015189160480326465 0.9998816759408984 0.023626157106341
1710569239.627952 0.9560220209309396 -0.29326766609804367 -0.003996437980053623 1.237438591818878 0.29329480782538453 0.9559224688675169 0.01379815991000016 0.359934171018838 -0.00022626929268456723 -0.014363479231632519 0.9998968143096415 0.027733147484062
1710569239.727709 0.9517189658391496 -0.3069246333339391 -0.005317848708506121 1.313695365698364 0.30696155872996883 0.9516814967260604 0.008770989186709037 0.384683656181423 0.0023688655781672376 -0.00997989188681428 0.9999473937331904 0.021760691843698
1710569239.881723 0.9463076451271674 -0.3232117959224553 -0.005997978864271138 1.415130025965043 0.3232469578058179 0.9462936673517004 0.0063007459362511556 0.428599281145118 0.0036393740064622733 -0.007901272470337641 0.9999621617092271 0.011243528489831
1710569239.928354 0.9451248049516202 -0.3266400367007982 -0.00673717220078614 1.445336181001485 0.3266872716014423 0.945100109335249 0.007823676124803773 0.445031821850309 0.0038117763270323186 -0.009595298776043721 0.9999466988808109 0.013738632590922
1710569240.028277 0.9422165103456533 -0.33496075025373295 -0.005416956850083076 1.533790474828655 0.33499632007167324 0.9421835174086385 0.008227093163624247 0.491514416795660 0.0023480141601671554 -0.009566363621683492 0.9999514845814078 0.014136580298934
1710569240.128216 0.9400893459249092 -0.3408770415883301 -0.005904591134382385 1.625854171951525 0.3409206346340924 0.9400427504221709 0.009630589774663316 0.522036101526486 0.002267721138945128 -0.011066611798922836 0.9999361917363168 0.016899892066915
1710569240.228178 0.9387695539630767 -0.3444832718408597 -0.006557436525228906 1.708288916059851 0.3445297251289776 0.9387392045675615 0.008244653444077883 0.550476201539073 0.0033155775540856976 -0.009999061439864973 0.9999445113184054 0.019046595621756
1710569240.328290 0.9362808814915718 -0.35119421468633616 -0.006382360395097162 1.798702449814146 0.3512430320176595 0.9362331735947046 0.009786578555813562 0.598813257135710 0.002538387757351888 -0.01140474601362699 0.9999317418483914 0.020534561443687
1710569240.428491 0.934201486068969 -0.3567045818703251 -0.005424453820109431 1.906150862613766 0.3567436424239871 0.9341409550529716 0.010707459212555013 0.636996444968459 0.0012478047108497687 -0.011938063722338315 0.9999279602141171 0.025793436967346
1710569240.528346 0.9344643460919984 -0.3560165083838126 -0.005350854235791182 1.995326272241221 0.35605364158167296 0.9344132111883994 0.00988711651662366 0.668637056369983 0.0014799321888344073 -0.011144349006668294 0.9999368046461407 0.029591226353416
1710569240.628227 0.9346124360193293 -0.3556125833775814 -0.00626777325195229 2.076296503507397 0.3556666723405878 0.9345089645300627 0.013936046753757413 0.705803010741632 0.0009014567034167289 -0.015254040660515696 0.9998832439936871 0.026523112275092
1710569240.727958 0.9339231467799771 -0.3574175478443086 -0.006344478035792884 2.166952369658016 0.3574738268255379 0.9337828265862526 0.01618937637137084 0.744152286797883 0.00013799742969312115 -0.017387618167821518 0.9998488144170394 0.028488498162382
1710569240.880753 0.9342359732424602 -0.3565651306719084 -0.008028317920839457 2.297632724255406 0.35664004031405994 0.9341683583684298 0.011720062628609685 0.795389651844801 0.003320834909917278 -0.013812523743244029 0.9998990880300589 0.027811076056666
1710569240.928497 0.9340125075471164 -0.35715545230867785 -0.0077857967949038955 2.332936575012071 0.35723444405675775 0.933900181774807 0.014628822934247561 0.813506534000281 0.002046393170197711 -0.01644485838084571 0.9998626800255258 0.022110496929882
1710569241.028327 0.9327495600964976 -0.3604554838551103 -0.00707829771686268 2.425751942609900 0.36052455060726496 0.9325988225256474 0.016777503783506557 0.856002418038703 0.0005536688720673148 -0.01820110937701941 0.9998341927880972 0.019947476939855
1710569241.128090 0.9329907596058299 -0.35980738103513815 -0.00817869444174934 2.507053792165566 0.35989068557930376 0.9328911476275805 0.01388528398537828 0.881810561874315 0.0026338039781507515 -0.01589827760264556 0.9998701454918403 0.018765340859948
1710569241.228033 0.9330012460602904 -0.3597730981346712 -0.008484851709115674 2.583237156380281 0.3598623398737467 0.9328965385906244 0.01425288133058152 0.921856483601502 0.0027876855162396264 -0.016351334630906135 0.9998624218687543 0.024137316848903
1710569241.327974 0.9333074622639214 -0.3589861259512258 -0.008132789005604652 2.682294951620877 0.3590684518997024 0.9332098310580365 0.013757109688526416 0.954816387501870 0.0026509871425808005 -0.015759841089354378 0.999872291683297 0.025842095655201
1710569241.427938 0.9331134433356313 -0.3595105111342675 -0.007175949435398077 2.778617139238656 0.3595788235023058 0.9330045272531098 0.014339519305013265 1.000660469389393 0.0015399853958007876 -0.015960717689971163 0.9998714337032546 0.026810289845422
1710569241.527880 0.9329498119470613 -0.35998300721097526 -0.004108881512770621 2.891265890459405 0.3600024272788174 0.9328246095019201 0.015378564983440963 1.040513761357931 -0.0017031562766885654 -0.01582663662731539 0.9998733003894864 0.035176897184587
1710569241.627917 0.9342090810061789 -0.35669979376806893 -0.004318575159440356 2.984436664334785 0.3567241065548806 0.9340970664150177 0.014511454698970373 1.067004417914682 -0.001142264510871403 -0.015097272623729372 0.9998853772263658 0.031430747050992
1710569241.727924 0.9359906584645787 -0.35202151714779145 -0.0015292913428795927 3.083743187132240 0.35198230025964733 0.9358011876117431 0.01961115928186256 1.113215023619472 -0.005472437388557173 -0.0188941453741182 0.9998065131312208 0.028591636279864
1710569241.827864 0.9408284765763298 -0.33887986455401614 0.0014883087428371774 3.171221826720105 0.33880905668987865 0.9407055729394532 0.01677641635062743 1.142433354837791 -0.007085250029243849 -0.015279477756347071 0.9998581583362294 0.022383812822749
1710569241.927798 0.9444503452629681 -0.32862665669906893 -0.004250392858621933 3.237488123305666 0.3286529020854316 0.9443322649229757 0.01496139620043996 1.163434316093354 -0.0009029304979058454 -0.015527199755110872 0.9998790380762469 0.031911328292204
1710569242.079772 0.9495588195917225 -0.31358424849630806 0.001722565116414398 3.367975139433079 0.31351284510955524 0.9494349948310518 0.016819231298511456 1.200669437377247 -0.006909709609428351 -0.01543080312772114 0.999857062898466 0.025842741475628
1710569242.128364 0.9519257735165106 -0.3063287695757721 8.15180129779901e-05 3.407509957630332 0.30629065239012215 0.9518114543373818 0.015523905777589974 1.208782184404144 -0.00483300873434663 -0.01475263780995319 0.9998794935912138 0.027503007870240
1710569242.228049 0.953193905756298 -0.3023577623550415 -0.001077762824508177 3.487286246217465 0.302348609933611 0.9531224357023023 0.011955778189807389 1.228284673851407 -0.002587682412278745 -0.011722035000926638 0.9999279463017174 0.023299076511975
1710569242.327806 0.9536321301480861 -0.3009698700484566 0.0017022550452112685 3.585906047476824 0.3009160383422404 0.9535427087384992 0.014347141877632951 1.259173252790227 -0.005941230313252488 -0.013169659625850857 0.9998956254768315 0.020344342845377
1710569242.479218 0.9549670762152087 -0.296711784416916 1.8251170672868784e-05 3.722514934925102 0.29668035762248607 0.9548668206968121 0.014495521148128876 1.306189395965376 -0.004318419383228858 -0.013837330685202102 0.9998949342473633 0.018783138352439
1710569242.579080 0.954171756726922 -0.29925569499963606 0.001512506179972825 3.806773567872404 0.29918821025924264 0.9540425410048273 0.017007198326696386 1.345512202811735 -0.006532496194478952 -0.015775264287394945 0.9998542231396195 0.016771353910819
1710569242.629511 0.9556210828856359 -0.2945921784695303 0.001947903760728269 3.862259177070884 0.2945236178724076 0.9555061016692362 0.016245866803813173 1.359950876214385 -0.006647139221701463 -0.014951189164598791 0.9998661297807481 0.017934611493368
1710569242.729594 0.9592696260800175 -0.28249081520001934 -0.0008507690238641029 3.938197034010235 0.28247072149994307 0.9591556451612332 0.01519012345703922 1.380072251521942 -0.003475050446400379 -0.01481174138874401 0.9998842614730107 0.016240702393459
1710569242.829806 0.9634563510404638 -0.26786327471471233 0.0010609895876735006 4.019920358241696 0.26780876177356266 0.9633265965743297 0.016743221011195953 1.404648875633834 -0.005506973497825441 -0.015847220312381397 0.9998592595216914 0.014338057710826
1710569242.929940 0.9683183208981881 -0.24971658684822168 -0.001120564941471005 4.090510288184345 0.24970413360089 0.9682014049771049 0.015293301245610312 1.412066171276724 -0.00273405843799515 -0.015088593480993095 0.9998824227234034 0.026452976419947
1710569243.030075 0.971740610755939 -0.2360502313797319 -0.0006882392387010953 4.176750129488020 0.23603897867215634 0.9716563159796746 0.013023216354342086 1.424773392292463 -0.002405401230561796 -0.012817639501160218 0.9999149574651528 0.018492491313891
1710569243.129857 0.9758163218925896 -0.21858746401688614 -0.0014235528386846038 4.257855517530383 0.21858638547997875 0.9757230348920607 0.01358496462361024 1.436376267157521 -0.0015805096697435249 -0.013567599481600122 0.9999067067649315 0.014814115882357
1710569243.229713 0.9795440298376645 -0.2012226552139314 -0.0017136621731885546 4.334850768701185 0.20122704140499442 0.9794485391707051 0.013719946201222098 1.450595153827554 -0.001082320091840577 -0.01378412656017944 0.9999044086502428 0.019124518709657
1710569243.329456 0.9824099448230209 -0.186727504584324 -0.001881314577724005 4.421767013254714 0.18673479818114216 0.9822998807984684 0.014732933569484035 1.468225367446821 -0.0009030288351936595 -0.014825087353064575 0.9998896945783053 0.027650823239101
1710569243.428911 0.9847960060062866 -0.173712849743483 -0.0008199927219547977 4.505803143753426 0.1737071785796862 0.9846977404270466 0.01400628815046339 1.481628203597297 -0.0016256272484698603 -0.013935775251736171 0.999901570907948 0.017029654177221
1710569243.528406 0.987448737667623 -0.1579398266888374 4.0300347111086006e-05 4.599094962912877 0.15792043920538365 0.9873314601867147 0.015418255632481743 1.495358773078034 -0.0024749464229975775 -0.015218372812814901 0.9998811308196257 0.017442189432969
1710569243.628134 0.9903902305202924 -0.13830037823960198 -0.00044347349998982206 4.680593254217639 0.13829021869657096 0.990267090573897 0.015713202702312416 1.501390666574554 -0.0017339846645037984 -0.015623530493855 0.999876441662714 0.021881369399880
1710569243.727948 0.9927668817744182 -0.12005325851123445 -0.0010646937273603122 4.758766737493689 0.12005579198057782 0.9926562206878201 0.014840294528408937 1.499195661741426 -0.0007247508638104202 -0.014860775572237495 0.9998893099166413 0.026216927031879
1710569243.827936 0.9946812788994959 -0.10299007314614254 -0.0014826463555199579 4.836125989012349 0.10300068789378412 0.994562558415277 0.015368008715059143 1.503640444283363 -0.00010816778910348131 -0.015438984157355392 0.999880805930346 0.021275533977614
1710569243.977555 0.9966766841623707 -0.08144941444338985 -0.0012570337827145035 4.944922248148276 0.0814590650232496 0.9965743238606595 0.014284178212534467 1.509660125777499 8.928964086275373e-05 -0.014339104173495794 0.9998971857740483 0.026589352728464
1710569244.028847 0.9972975184824606 -0.07340462392884269 -0.0030693345518808426 4.989953840570807 0.0734394038582855 0.9972096119207752 0.013403128506309165 1.510348573588123 0.002076918309860546 -0.013592316898975429 0.9999054631972225 0.033774772873526
1710569244.128858 0.998144967915301 -0.0607841259550268 -0.003451529696534117 5.081917263066075 0.06082800620397376 0.9980431993519135 0.01448191591764995 1.510089343762927 0.002564505139778507 -0.014665001168768775 0.9998891743858956 0.032973031346120
1710569244.277312 0.9992806565666436 -0.037687096450621516 -0.004225183174635435 5.205573536823938 0.037742429738025884 0.9991910135684257 0.013886230646665186 1.508238802392340 0.003698433345059792 -0.014035710356934404 0.9998946546639643 0.035071878276610
1710569244.329721 0.9994894412391784 -0.031572700110338435 -0.004901169160269338 5.243882174665713 0.03164109699422876 0.9993931139792316 0.014568620795955112 1.518573149023489 0.004438224013808619 -0.014716261027759851 0.9998818599359457 0.027427030375580
1710569244.429510 0.9998897275487736 -0.014448200834127215 -0.0034325260517636016 5.327187354518660 0.014490787016496 0.9998140429035124 0.01272386358682423 1.515368628069147 0.0032480508126969225 -0.012772200499142121 0.9999131567592897 0.032956930332065
1710569244.529303 0.9999772855229666 0.00507548864914591 -0.004434845328949533 5.405829082294460 -0.005020494815148707 0.9999114435394623 0.01232476006419287 1.506241701134140 0.004497006774553426 -0.012302214995733474 0.9999142125383899 0.028605208556958
1710569244.676281 0.9994872096542312 0.031703747066238616 -0.004493346142787093 5.531524728312760 -0.031637436289838713 0.999399510578813 0.014131202349249423 1.502661724584722 0.0049386600009850585 -0.013981798052790003 0.9998900534361794 0.027432623381360
1710569244.729723 0.9992040770136107 0.03967659205740734 -0.004120742904920578 5.573694861867683 -0.03961030189950253 0.9991013317466816 0.015084856162309356 1.506400963155319 0.004715555408288454 -0.014909625908029257 0.9998777258207495 0.028570218999062
1710569244.829497 0.998289113664047 0.058325095792129314 -0.004126589474412633 5.653436420146817 -0.058263806528982554 0.9982075652315573 0.013674266460747932 1.491934150492429 0.004916745733173831 -0.013410440534344344 0.9998979876447748 0.037895414509203
1710569244.975548 0.9973284792253905 0.07299364445014396 -0.002798641787716352 5.769283456570959 -0.07294198715692239 0.9972160855874921 0.015477246368750874 1.476990682134750 0.003920591227015964 -0.015231760090206574 0.9998763035740896 0.038714076786980
1710569245.029855 0.9971173159849227 0.07553733104696198 -0.007153305622266819 5.812140608749061 -0.07541411100226317 0.9970213117762681 0.01616216958418582 1.469538992928431 0.008352845309366802 -0.015576118972045774 0.9998437950465094 0.042240631762411
1710569245.174713 0.9969943653836345 0.07717579512270355 -0.006792057159831631 5.942980422218152 -0.07707323831441275 0.9969235946684664 0.014249994001162546 1.457950028930736 0.007870916656506518 -0.013683677885784834 0.9998753950520557 0.036274944713069
1710569245.230252 0.9970323564735868 0.07673352097583158 -0.006200556699057575 6.001517546872223 -0.07663802600045747 0.9969550161412114 0.014398220780017353 1.454482743096168 0.007286502280231557 -0.013880293567807981 0.9998771146170872 0.034138564262378
1710569245.374254 0.9972742801254472 0.07337365553444838 -0.007766393872535344 6.131828390311471 -0.07325383630735086 0.9972045826194382 0.014727385003722157 1.448766379182590 0.00882528563430608 -0.014118324132280202 0.9998613840213896 0.037308625368264
1710569245.475013 0.9977209435895329 0.06698454961435141 -0.008123351265004596 6.215264790077717 -0.06683600729794126 0.9976130379256578 0.017354385301977665 1.451306897857279 0.009266436816905366 -0.01677190131447389 0.9998164013832819 0.042896177735322
1710569245.567688 0.9980302875219385 0.06153226587471576 -0.012219879099240594 6.282113056139560 -0.06135748139992435 0.9980148747752916 0.014197506947240993 1.451620592838737 0.013069225881233562 -0.013419760936108669 0.9998245372820588 0.045903224121628
1710569245.674331 0.9986954584449905 0.05045874799480338 -0.007829178254914354 6.381766377418405 -0.05035335328475629 0.9986452746923585 0.013120790662312493 1.448148807973509 0.00848063053851658 -0.01270944866705989 0.9998832675968973 0.044011933906271
1710569245.774744 0.9993840810445275 0.03444211923581792 -0.0067230184687480845 6.473691803757111 -0.03431646416963579 0.9992491344219822 0.017987430161465614 1.455387909557767 0.0073374955999666695 -0.017745641139874337 0.9998156096895343 0.047643451766998
1710569245.833207 0.9996370333297795 0.025776280760836573 -0.007834854547199378 6.527905396360424 -0.025646497029994768 0.9995392016122927 0.016237045000585804 1.458428473144465 0.008249774889517546 -0.01603021492055253 0.9998374735045057 0.050700042623447
1710569245.974039 0.9999126247254916 0.007766539942622184 -0.010696904781191795 6.647873265635047 -0.007585330066242061 0.9998287824637782 0.01687804860714473 1.467103427106118 0.010826157322170868 -0.016795434329562015 0.9998003339183864 0.053930708936613
1710569246.073812 0.9999448755390145 2.501918878933072e-05 -0.010499774154960593 6.734093818581482 0.00016174045896395482 0.999841807251563 0.01778578960721734 1.475786424177708 0.010498558152857003 -0.01778650741344288 0.9997866874642524 0.049938667195971
1710569246.134778 0.9999479368128625 -0.00167317175804342 -0.010065990262642852 6.794732668081710 0.001861592286592965 0.9998226882040342 0.018738373104864255 1.482961546671067 0.010032852927160467 -0.0187561362952685 0.9997737490119528 0.050523046391313
1710569246.234907 0.9999622511556883 -0.003045171145377459 -0.008137763595953596 6.899872551710980 0.003181959997118786 0.9998529755817968 0.016849402090390948 1.477615146301630 0.008085257832932907 -0.016874660083163028 0.9998249219002558 0.056905404559552
1710569246.375219 0.9999641807978322 -0.0025855658451452847 -0.008059278539717593 7.032053391359809 0.0027178382656718714 0.9998610791928796 0.01644492841005643 1.479550958693054 0.008015639493015148 -0.016466243181450027 0.9998322921165366 0.060153193164863
1710569246.435561 0.9999666013763061 -0.004684200949239307 -0.006697342262926163 7.082889499879271 0.004801172443115311 0.9998343314700491 0.017557287860358976 1.489937419436531 0.006613990859617324 -0.01758885656622352 0.9998234280359716 0.057062630536054
1710569246.535480 0.9999693535678972 -0.004195348729898413 -0.006609914828231758 7.177003359871082 0.00431425915459167 0.9998272472068749 0.01807935039401933 1.492417919325846 0.006532923767269924 -0.018107313211993787 0.9998147058906934 0.060404929082180
1710569246.635351 0.9999824831804964 -0.004597029994469015 -0.003728357198302665 7.283044450052017 0.004653269328966149 0.9998733642827052 0.015218491467181013 1.491395169793718 0.0036579251933693247 -0.015235573937811157 0.9998772409001343 0.058472597158887
1710569246.735276 0.9999794614686726 -0.005094392453777776 -0.003888933832094568 7.380967316116945 0.005149432747733953 0.9998848224046603 0.014276738674416608 1.494267776464495 0.0038157546042798464 -0.01429647125440085 0.9998905194702428 0.062462184302238
1710569246.835139 0.9999777440864358 -0.004898427717024507 -0.004529540562113613 7.475501014098660 0.004982806510639084 0.9998106822818902 0.018808807359819334 1.502874534506607 0.004436549456534795 -0.018830958576831595 0.999812838499285 0.062077885292163
1710569246.974102 0.9999845357992074 -0.005281312443783541 -0.0017423838023858014 7.602263074741512 0.0053121540290574825 0.9998202837142839 0.018198387100522607 1.506481867870135 0.0016459592993897647 -0.01820736148814639 0.999832877437837 0.064775240912910
1710569247.035296 0.9999261496118309 -0.011287450732078163 -0.004504306653549127 7.650008016111537 0.01137054693944307 0.9997572881841895 0.018869959854047647 1.513004493198000 0.0042902196629334205 -0.018919782730421515 0.999811800208758 0.066297198190075
1710569247.135147 0.9998180678125652 -0.018202452290199376 -0.005701053075689194 7.746909577156474 0.018310439387668156 0.9996421799981925 0.019499737892903494 1.517922186952634 0.005344070076200377 -0.019600579049722518 0.9997936078090999 0.067240134112358
1710569247.273504 0.9995706725743119 -0.028922865463763842 -0.004683842728233269 7.874759415530316 0.02900647853118235 0.9994006479523683 0.018893625263736887 1.526892614931517 0.004134577675877486 -0.01902137549578042 0.9998105283210867 0.063095257812354
1710569247.335345 0.9994802944234398 -0.03197319944772084 -0.0041055543243822155 7.933877241116632 0.03203794591623256 0.999345210910786 0.016814263324488904 1.523234266966383 0.0035652602573650535 -0.016937058385474123 0.9998502012664419 0.065106390697671
1710569247.473261 0.9992143624921156 -0.039428188349865376 -0.00400945793376594 8.060718619859761 0.039496603375111225 0.9990442865245938 0.018722496745748832 1.531531451117077 0.003267431912718439 -0.018866147619823272 0.9998166793781161 0.065668609408249
1710569247.535614 0.9992227028385061 -0.0392529628445429 -0.003632497768120759 8.129377579026958 0.03931026954929849 0.9990765276827619 0.017343429341310064 1.535439939724622 0.0029483622694580717 -0.017472742809314545 0.9998429928837065 0.067496549126895
1710569247.673045 0.999169880408864 -0.040567217394660654 -0.0037216873311352802 8.257340338952940 0.040621223180965504 0.999049510761068 0.015811112400868226 1.547423769291607 0.00307673707335893 -0.015949166778394433 0.9998680701812896 0.065445181965741
1710569247.736040 0.9989771933823467 -0.045107614379243266 -0.003141691732629588 8.309850707145596 0.045149983504730956 0.9988667187281292 0.015058459643105789 1.555820502600282 0.002458880121500394 -0.015184905080836333 0.999881679283221 0.066564921947281
1710569247.808577 0.99911240322067 -0.04209270444899223 -0.0016155379250272532 8.383182355116457 0.04211380663049347 0.998973942849327 0.01665799505219541 1.548682389395351 0.0009127002283422595 -0.01671124592121581 0.9998599408107387 0.073724547203354
1710569247.907291 0.9989849184565722 -0.04503723969970692 -0.0008830269230502124 8.479018618106425 0.04504577205218702 0.9988361063175258 0.01724271256695618 1.562298866948017 0.00010543499464186545 -0.0172649864371625 0.9998509434544663 0.069924899897710
1710569248.034855 0.9989785996413201 -0.045182608655859914 0.0005378974982561777 8.607119916239951 0.045164676774223415 0.9988046605048622 0.018692301239999633 1.574214306808599 -0.0013818214599365245 -0.01864891495016214 0.9998251389821294 0.068436646604357
1710569248.134526 0.9989567068943769 -0.04559983838726884 0.0024804212942666362 8.709345554768667 0.045551837413108455 0.998820295925102 0.016823987529159295 1.582629610986938 -0.0032446662435174165 -0.016693447431448585 0.9998553900208877 0.065253726493818
1710569248.234279 0.9990637003067847 -0.04311673688488353 0.0035594563790958666 8.813152472180327 0.04305020073475187 0.9989277755102974 0.017028785357338462 1.581897409706762 -0.004289865500517692 -0.01685960599920589 0.9998486639184647 0.063317149540365
1710569248.334108 0.9989122300000458 -0.046429795369663455 0.004316347792615416 8.905005997074772 0.04634845114070799 0.9987747189603691 0.017345945995912177 1.591331908233177 -0.005116427776588107 -0.01712702156146466 0.9998402308865353 0.065428442982100
1710569248.471855 0.9988438087920848 -0.047971031113954295 0.003134615061719349 9.034388427890844 0.04790296077295567 0.9986705312995208 0.0190388093933841 1.596559592367862 -0.004043759006889417 -0.018866639547014438 0.9998138316333183 0.066731096283970
1710569248.534266 0.9989245956043078 -0.0461412276897264 0.004543061088612119 9.096097374663772 0.04605391890679083 0.9987813730487586 0.017742756385725773 1.599359485601209 -0.005356197354165521 -0.017514449980553327 0.9998322635281289 0.066550306591709
1710569248.634225 0.9989387532295699 -0.04602028154842094 0.0018710912207736423 9.189993429285114 0.045983135564492746 0.9988051751212622 0.01654609907628284 1.600568054245061 -0.002630311732451278 -0.016442500940816552 0.9998613532000331 0.071481123017227
1710569248.734333 0.9988288552247828 -0.048364324895629106 0.00134538014695502 9.279070966308501 0.048333867140802046 0.9986812801567911 0.01730716474781622 1.619307462656327 -0.0021806553063441333 -0.0172218681269712 0.9998493146472883 0.069061394587624
1710569248.803379 0.9989969912902096 -0.0446906938571817 0.0027844704474258826 9.341304895272190 0.044648503424890205 0.9989085719962255 0.013717723367199829 1.607600796096126 -0.003394485973824915 -0.01357964193287563 0.9999020305959722 0.068675715853018
1710569248.971677 0.9990228947152578 -0.044090617439131514 0.0030452074778395933 9.497555858160707 0.04402485845289857 0.9988487565184165 0.019051861846425083 1.631469086534187 -0.003881710054754575 -0.01889918134335916 0.9998138593116229 0.064036573789220
1710569249.034285 0.9989369595708689 -0.046021901161599044 0.0026335179475753673 9.555977203117006 0.04596383874141023 0.9987627754533266 0.01898009212099814 1.641725521304063 -0.0035037596181571435 -0.01883886892145992 0.9998163934874734 0.061358468678869
1710569249.134069 0.9989482605397845 -0.04573171896392126 0.0033140074145690973 9.659238521849431 0.045668171501672204 0.9988081935293249 0.01722238805684089 1.648256506931941 -0.00409766716959159 -0.01705292993275601 0.9998461915237142 0.062490005296354
1710569249.233830 0.9990419777253791 -0.04372410541364279 0.0018246501965665353 9.755297231342784 0.04368534584646374 0.9988904584171066 0.017590981824150885 1.641175050244847 -0.002591775614907858 -0.017494418796845074 0.9998436017748589 0.071734770211888
1710569249.370746 0.9989220786613663 -0.046417454899211466 0.00031724365216806834 9.881953119148356 0.04640346582131402 0.9987485390813724 0.018656742550470066 1.648506807497538 -0.0011828451400383412 -0.01862191084459511 0.9998258975010953 0.073957106128823
1710569249.470991 0.9988807099363667 -0.04727719742301081 0.0014811889973221847 9.982408039425753 0.04724036691265986 0.9987009342747452 0.01909951865122158 1.657765079304274 -0.0023822365494214188 -0.019008168838074595 0.9998164903953354 0.074512626816300
1710569249.534529 0.9987069829139583 -0.05074401894212304 0.003067054042579214 10.047032392464255 0.050667100481036474 0.9984863713640468 0.021396521425297882 1.669093413214720 -0.004148157150253207 -0.02121345662215698 0.9997663637322455 0.075117427285351
1710569249.670583 0.9985466189989481 -0.053889152966748365 0.000780306539742918 10.170204810174230 0.05386042626306509 0.9983221491390375 0.021258904514918117 1.685408184046018 -0.0019246216590533155 -0.021185979584146548 0.9997736994442941 0.077452190707623
1710569249.734660 0.998458499475184 -0.05548390541715634 0.0014700562656594874 10.230689040181883 0.05543823186019041 0.9982196076426013 0.022004939583346872 1.692942135079355 -0.0026883589752718182 -0.02188952163732744 0.9997567812065637 0.071845730241682
1710569249.834561 0.9985257976614491 -0.054235335110735396 0.0021817034612830275 10.328639191167277 0.05418569930362954 0.9983584303867548 0.01855679031168851 1.692504342920769 -0.0031845557843099472 -0.018411216720292254 0.9998254276139086 0.076125681774586
1710569249.934391 0.9985244093741016 -0.05423442933343445 0.0027623466434153372 10.423801665409870 0.05415672828757068 0.9982668320848096 0.023029996538097022 1.699470422691463 -0.004006577752636999 -0.022846414034487405 0.9997309581584822 0.073373204784603
1710569250.034097 0.9984767674936149 -0.055134842826815994 0.0020721684207333263 10.516567022210531 0.055071835512558606 0.9982108531282844 0.023284879861842217 1.715863521235499 -0.0033522691985096668 -0.023135293457508446 0.9997267229037422 0.073630695441051
1710569250.169350 0.9983414329130637 -0.057513928457616104 0.0025556530404458096 10.645074115593674 0.05743203644839351 0.9980343542649696 0.02507965104014677 1.724026537856889 -0.003993058787611619 -0.0248912783978114 0.999682189368822 0.074879545282838
1710569250.269105 0.9985856019771211 -0.05316736990020179 0.00016217856138140885 10.736067016897570 0.0531507803275097 0.9983414893602002 0.02211933933539138 1.725801576861665 -0.001337936682904647 -0.022079433868478195 0.9997553243296482 0.075162684869878
1710569250.368795 0.9984249784391462 -0.056084340282158446 -0.001452309851710232 10.824500483948270 0.05610312335195504 0.9981106086712542 0.02505299199803803 1.735415783821764 4.448534176560088e-05 -0.025095012114232984 0.999685069603443 0.078427528968256
1710569250.434747 0.998461487739647 -0.05536587977336622 -0.003045793435494212 10.884750772709580 0.05542145353198045 0.9981978829633824 0.02300975740471809 1.736835846500140 0.0017663490971701447 -0.02314315891019644 0.9997306008153019 0.079872984579800
1710569250.568498 0.9984778624097757 -0.05492452828210861 -0.005025382631489579 11.014252216924989 0.05501834228634588 0.9982652569645563 0.020963271441999495 1.742677827254739 0.0038652670887675414 -0.0212078506802627 0.9997676163888567 0.079259539428303
1710569250.669158 0.9984105544984997 -0.05616421393282252 -0.004684627979533699 11.112836729173472 0.0562576965657193 0.998150327226123 0.023043346881544555 1.752954873834079 0.003381751486720906 -0.023270267116900056 0.9997234909839772 0.076850599098069
1710569250.769215 0.998241291029738 -0.05898626312840506 -0.005911484198436193 11.207546941118324 0.05910526150397033 0.9979975527574587 0.022526711980907214 1.762481622965465 0.004570880202880121 -0.022836493869901046 0.999728764016471 0.076405273531756
1710569250.869056 0.9981976725607887 -0.05965594409416197 -0.006524938962068467 11.301948004646439 0.05976343709342419 0.9980547157702897 0.01775150459726323 1.761540960733122 0.005453263335364137 -0.01810946335263831 0.9998211386323429 0.077903147859740
