0.9999999993931535 2.411576950582454e-05 2.5142049860797634e-05 0.001703091881709 -2.411974653996768e-05 0.9999999871964049 0.000158194272015202 -0.002019366481713 -2.5138234562287947e-05 -0.00015819487833907252 0.9999999871712247 0.001319611142677
0.9999999525824678 -0.0003029788749292291 5.5125888334460474e-05 0.003405030586647 0.0003029641476696329 0.9999999184700377 0.0002669693676925148 0.000202125221165 -5.520676991871292e-05 -0.00026695265386571243 0.9999999628442459 0.005523580955973
0.9999999985884014 -3.230070411022282e-05 -4.2188408594130464e-05 0.004634245248615 3.230048875476905e-05 0.9999999994653073 -5.105283306893956e-06 -0.000963901761932 4.2188573475818126e-05 5.1039205934699695e-06 0.9999999990970372 0.000736872594563
0.9999999846504534 -0.00013116057245697284 0.00011617227385426641 0.003907744132454 0.00013113942521425119 0.9999999748351499 0.00018202239066737454 -0.002216592920158 -0.00011619614509176848 -0.0001820071531081943 0.9999999766859258 0.001764540172819
0.999999995613268 4.849751339434097e-05 -8.01339822551701e-05 0.002415340476516 -4.8499811149314835e-05 0.999999998412836 -2.8672220286992216e-05 -0.002424060352652 8.013259159659692e-05 2.867610664422089e-05 0.9999999963782243 0.000191150134559
0.9999999786295763 -0.00015767272399767234 0.00013371671127355563 0.003794056332132 0.00015769214276994297 0.9999999770214261 -0.00014522511982352268 0.000316096731743 -0.0001336938101607008 0.00014524620279472524 0.9999999805147527 0.001116120309380
0.999999987168985 -0.00014899006646106053 5.8855671755153366e-05 0.002653993270899 0.00014898790275276417 0.9999999882254467 3.676562693728928e-05 -0.000451418712268 -5.8861148775354996e-05 -3.6756857682449055e-05 0.9999999975921493 0.000808576003539
0.999999955007147 -0.00029985108475247675 8.662040231441457e-06 0.001248046251712 0.00029985013624249526 0.9999999490720889 0.00010929645671717911 -0.000616749207509 -8.694812451408091e-06 -0.00010929385448567616 0.9999999939896268 0.000921008765308
0.9999999828273796 -0.0001594159650042602 -9.450815152900669e-05 0.001667130102997 0.0001594286706903717 0.9999999782531409 0.0001344478216368497 -0.001718865160029 9.448671634452226e-05 -0.000134462886636996 0.9999999864959962 0.002251433718042
0.9999999654956065 -0.0002608053837883708 3.145373458003804e-05 0.001045401105518 0.000260805135000087 0.9999999659590284 7.91350030398287e-06 -0.002285755420393 -3.145579739280624e-05 -7.905296735438938e-06 0.9999999994740195 0.002376086597736
0.9999999975294703 -6.82912468875581e-05 -1.665427390882024e-05 -0.000217065695664 6.829293760805438e-05 0.999999992512924 0.00010153928580520527 -0.001288462138364 1.664733953969272e-05 -0.00010154042292363843 0.9999999947062043 0.002199998929546
0.999999999727813 1.1646720222500523e-05 -2.0217020101475958e-05 0.000983895562608 -1.1646325930806993e-05 0.9999999997419987 1.9502966147402584e-05 0.001043686088826 2.021724724185017e-05 -1.950273068808868e-05 0.9999999996054532 0.002036688209611
0.9999999952963384 3.6942460400720504e-05 8.968042004946473e-05 -0.000008130545082 -3.69578772353666e-05 0.9999999845400142 0.00017191302103806614 0.000588412775881 -8.967406777303463e-05 -0.00017191633462740005 0.9999999812016676 0.002620063328582
0.9999999969743327 -6.001388252546208e-05 4.949412567415506e-05 0.000003406540419 6.0010696973604085e-05 0.9999999961281764 6.436119486585033e-05 0.000643002777487 -4.949798804771042e-05 -6.435822449413695e-05 0.9999999967039841 0.002149907586887
0.9999999978713939 -6.494520827655889e-05 -6.271533307403417e-06 -0.001058564932979 6.494524724969291e-05 0.9999999978717488 6.214287478136204e-06 -0.000502480198628 6.271129705861461e-06 -6.214694771189717e-06 0.9999999999610253 0.000130502977797
0.9999999979954103 -5.164540883964903e-05 3.6632378926026635e-05 0.001292584862770 5.1644725376093286e-05 0.9999999984923496 1.8658062595113907e-05 -0.001143226866378 -3.663334247406869e-05 -1.8656170688562638e-05 0.9999999991549727 0.000578291757250
0.999999998654556 -3.534045847890698e-05 3.797288584359793e-05 0.001222105045995 3.5337319048936986e-05 0.9999999959582195 8.267306016516911e-05 -0.001232298566717 -3.797580739396996e-05 -8.267171819395486e-05 0.9999999958616125 0.000057467656703
0.9999999939499619 7.50062398129839e-05 8.046204188146182e-05 -0.003023814184790 -7.501982701726125e-05 0.9999999829266221 0.000168875045881143 -0.000709244785133 -8.044937382551318e-05 -0.00016888108110790597 0.9999999825035392 0.000794651605962
0.9999998035768701 0.00035040966484296474 -0.0005196722890351395 0.000464383125516 -0.0003505342440605196 0.9999999098456576 -0.0002396547941889493 0.001570840598539 0.0005195882648283163 0.0002398369100482007 0.9999998362531324 -0.000327416187020
0.9999995730560259 0.0001305282893343191 -0.0009147951308734236 0.020615448762390 -0.00013038473731777033 0.9999999791784766 0.0001569804657702466 0.001345814321757 0.0009148156022176512 -0.00015686112342554417 0.9999995692534082 -0.000989385184774
0.9999994669130918 0.0004698317677395347 -0.0009194735679809766 0.030845524399639 -0.000469534472571922 0.999999837435728 0.0003235210916251433 -0.001422543376225 0.0009196254189938046 -0.00032308919462349905 0.9999995249511177 -0.002599483164080
0.999973885668577 -0.007152641600541939 -0.0010332952249345673 0.086783099637164 0.0071540072563838 0.99997353317682 0.0013240566615069066 0.010017727839929 0.0010237973741339874 -0.0013314142861895937 0.999998589586473 0.005476384175947
0.9997634997843516 -0.021713375420029234 -0.0012140126909144444 0.160448089633602 0.02171397787709945 0.9997641060048863 0.0004852926986189905 0.004298024242805 0.0012031889700569525 -0.0005115389715041488 0.9999991453317263 -0.002201131213221
0.9990440024510715 -0.0436965032560147 -0.0013026011440876388 0.255068909128693 0.04369714002206999 0.9990447158391097 0.00046444358544495606 0.015385310188245 0.0012810622292031037 -0.0005209195231017612 0.9999990437607504 0.005853313932283
0.9975425487821266 -0.0700631012965169 -0.00015876388973091977 0.318244027610733 0.07006306219048124 0.9975425353446671 -0.00023978037109712372 0.033566751868875 0.00017517348951245706 0.00022806763825232877 0.9999999586496996 0.011283504346429
0.9955876271189951 -0.09381715248694905 -0.0019022688583108674 0.370128732750150 0.09381884088512984 0.9955889489190412 0.0008184651791830309 0.066213252779002 0.0018170917806864687 -0.0009933224649609617 0.9999978557416717 0.002643253713557
0.9923926411299964 -0.12309364528930614 -0.002190963354512215 0.438445840134151 0.12309488526946286 0.9923948083913059 0.00043988462235615704 0.076657634272873 0.0021201536567209936 -0.0007062346449257763 0.9999975030874318 -0.004158012240680
0.989385873180721 -0.1452746628486104 -0.003296404805953017 0.518305868002201 0.14527583370340452 0.9893911857217149 0.00011729432938747207 0.094239608014880 0.0032443939654247965 -0.0005949373089089051 0.9999945599639007 0.002881637003171
0.9857180098857031 -0.16837958249417978 -0.002884646608267832 0.591116954266893 0.16838701428114422 0.985717632989976 0.00256152964473876 0.113752168539223 0.0024121377345867525 -0.0030106829332975722 0.9999925586622255 0.004060068373365
0.9819976512216327 -0.18883194861322902 -0.004807096642180957 0.668320181144077 0.18885415481180026 0.9819939951922443 0.004679916312835299 0.139492811227347 0.0038368223202309725 -0.005503507000575794 0.999977494849348 0.001564568368004
0.9782082050579739 -0.20754641647431282 -0.005761298979224025 0.744563812290068 0.20756331708072268 0.9782183830498677 0.0025028914777845213 0.173187430282682 0.005116342414685106 -0.0036441833067600168 0.9999802712895502 0.003797212739722
0.9740204498949552 -0.226434496356949 -0.003403240515156175 0.836714836441355 0.22644621974901163 0.9740170967427214 0.0035783815143690177 0.208757007411975 0.0025045454301104567 -0.004256067722075296 0.999987806495526 0.002524363167492
0.9704074892413278 -0.24146100330537396 -0.0024266658411087106 0.924218099016026 0.24147137028846083 0.9703902347129124 0.005862568108921301 0.242723928789480 0.0009392312575970625 -0.00627505032496932 0.9999798705914353 -0.006573726421573
0.9662498186410179 -0.2575796981916641 -0.003739927230734696 0.996339315026784 0.2575894053616998 0.966251509114567 0.0023915223661087966 0.259781013785508 0.002997702721395146 -0.0032741736839895412 0.9999901467339972 0.009059677981794
0.9624251479724978 -0.2715275071824601 -0.003263034384544789 1.080013281739995 0.27154279427345507 0.9624081261462601 0.005925335923664513 0.299903982595892 0.0015314791150092602 -0.006588745777709232 0.9999771212386797 0.013424814010876
0.9570771761176848 -0.28982440867014997 -0.002256345185450644 1.214007127294628 0.2898248442151509 0.9569615257145727 0.015039879577335154 0.353931075687054 -0.0021996886737638477 -0.015048270366894809 0.9998843487767489 0.029736567350003
0.9558151840494578 -0.29395097195758296 -0.003187479520476129 1.241240456391373 0.29396658417275773 0.955717029669935 0.013733411399851058 0.362373719111179 -0.000990621169836374 -0.014063615611530548 0.9999006117538027 0.032462902150721
0.9515510790168699 -0.3074605931251196 -0.004304381137915344 1.318073774632075 0.3074880321495182 0.9515080711975247 0.009137862484364405 0.388080488496700 0.0012861207748983772 -0.010018688592623816 0.999948984584832 0.024083742640504
0.9460936004817784 -0.3238646301535772 -0.004312825397779211 1.417110379576680 0.3238867316992536 0.9460754991651176 0.00620764920476299 0.432583796072485 0.0020698204271922503 -0.007269884109138308 0.9999714319061515 0.010117253598078
0.9447776494851892 -0.3276739954964495 -0.004994567912616999 1.448288977874642 0.32770405806866254 0.9447513480011869 0.007412204481183473 0.448051129313075 0.0022898381103423075 -0.008639625300500227 0.9999600559602846 0.012695525134129
0.9418962800134585 -0.33586831337317874 -0.004886079068621064 1.539387689990386 0.3358986399967439 0.9418630453038117 0.008130654301330722 0.495809788249807 0.0018711881643583173 -0.009299460354565204 0.9999550083338588 0.013749054779261
0.9395446894578103 -0.34238403525962496 -0.005380419218122804 1.636814986690697 0.34242358619658514 0.9394838839513484 0.010775871749386313 0.523907077234515 0.0013653306913334086 -0.011966795520324992 0.999927463207746 0.017140096867116
0.9381624096174663 -0.3461533963932443 -0.005396234443652682 1.718857726422077 0.3461899870529045 0.9381212247134918 0.009003366390864569 0.551707049452615 0.0019457762099500259 -0.010314742240104976 0.9999449085061941 0.021081456340070
0.9356791737815828 -0.3528023573077817 -0.005914425541565582 1.808166355458341 0.3528471824507698 0.9356220776117917 0.010497319750655272 0.598431140214605 0.001830187959635123 -0.011909011859370499 0.9999274102896498 0.023149916915977
0.9337125882713165 -0.35798201644212985 -0.005447789249369611 1.907897717104065 0.3580225457888499 0.9336365946940393 0.011940090242083813 0.638916784536835 0.000811917822030077 -0.013099043940109606 0.9999138742098268 0.028477641538683
0.9338622299879906 -0.3576073466342563 -0.004280307823539838 1.999037334591993 0.35763295721464516 0.9337972576857183 0.011015872754352675 0.670152251689625 5.758268112756827e-05 -0.011818086640365268 0.9999301623175468 0.034588930249497
0.9339077376868925 -0.3574816243337608 -0.004819310349653639 2.083506826337077 0.3575132055876951 0.9337902363464232 0.014835846268467578 0.706373438710817 -0.0008033174719879179 -0.01557827871708171 0.9998783285546557 0.030941991365186
0.9332908474854625 -0.3590810562141488 -0.005384149700589857 2.173296218428046 0.35912037356862886 0.9331470466490844 0.016405688587188726 0.746536264593573 -0.0008667685939861576 -0.0172448368569452 0.9998509210447235 0.034288381675715
0.9336481957601432 -0.35812699892677835 -0.006789638689094459 2.302591378298695 0.35818644758282525 0.933566880152328 0.012463909926056652 0.797486987288215 0.0018749191516271026 -0.01406886357699739 0.999899270804728 0.030821206145295
0.9333371647901557 -0.35894697275605125 -0.006229572275871316 2.336546116557055 0.35900079770766014 0.9332156200821718 0.015067636838970193 0.815356957125095 0.00040505152433804994 -0.01629960686378747 0.9998670705395536 0.026022008083798
0.9320812458980973 -0.36219304260354634 -0.006383645873350731 2.432260345752141 0.36224899333182947 0.9319130282217751 0.017713685686414446 0.858546910986642 -0.0004667709575556168 -0.01882306351544866 0.999822721488548 0.025676885751444
0.9322726039925993 -0.3616918237863246 -0.006842254816979438 2.513118412818661 0.36175537498458266 0.9321507743712205 0.015099089671168452 0.884836410088621 0.0009167958454144232 -0.016551690102714435 0.9998625910794551 0.024876220681643
0.9322791451512732 -0.3616684560997045 -0.007177978717389917 2.587655768457890 0.36173709339822574 0.9321639529043388 0.014718701218542256 0.924438925265363 0.0013677630695623844 -0.01631847934746253 0.9998659092378197 0.029818615042286
0.932659877552926 -0.36069256139738604 -0.006813879625733055 2.684570290678107 0.36075552460180405 0.932542370936576 0.014838392004077968 0.956284852817345 0.0010021338424881562 -0.016297317588560546 0.9998666876975046 0.030554137470172
0.9323512553528587 -0.36149526454910774 -0.006504640691006449 2.784313552246913 0.36155304979702574 0.9322346564531281 0.01476270605910778 1.004732554707768 0.0007272031476335528 -0.01611580020628161 0.9998698676124275 0.032236577371680
0.9322279898097829 -0.3618497040280698 -0.003970731671812058 2.897253807312376 0.3618644554988505 0.9320853314997912 0.016463615928606658 1.044346327805813 -0.0022562938043804736 -0.016784710236477617 0.9998565810357732 0.037924125944995
0.9335326175516995 -0.35847472684561255 -0.0035668165127942324 2.990322991867620 0.35848127571482113 0.9333786264560202 0.01719053916977026 1.070132358817358 -0.0028331835356796647 -0.017326565962027817 0.9998458697134357 0.032900447378265
0.9352516342973975 -0.35398096273104174 -0.0013632930909118425 3.088158862172172 0.35392862501777245 0.9350316177589483 0.021222680888923037 1.115298632807100 -0.006237702868519761 -0.020331055434700075 0.9997738440506609 0.031135408450283
0.9400583246542737 -0.3410032459949262 0.0026706682916377623 3.172895138096082 0.34089844990632995 0.93991538526917 0.018636399485128605 1.145223552424813 -0.008865274934347888 -0.016608875796744468 0.9998227603656094 0.029919660601174
0.9436448845333036 -0.33094180779136434 -0.003442637057799454 3.242903453703405 0.3309546550107117 0.9435218988724342 0.01534414138675593 1.167715909377163 -0.0018298144356357472 -0.015618777286959096 0.9998763451423338 0.039449254842056
0.9487540818062437 -0.3160005000326206 0.0030620638669313816 3.376406865022779 0.315902910761635 0.9486304717608112 0.017480818607472224 1.206537045133413 -0.008428714511589613 -0.01561768311865216 0.9998425099712892 0.032750390690934
0.9511579696708441 -0.3086978714719433 0.0020349153125642544 3.415771094747787 0.30862308082126044 0.9510376631686646 0.016707998655719238 1.212874390690260 -0.007093004725183859 -0.01526392424566316 0.9998583409166476 0.033838928147051
0.952443520399925 -0.3047125588245719 0.0012637020137189192 3.491363364777682 0.3046729033405354 0.9523722695329079 0.012707564471094156 1.232732797855256 -0.0050756692412341105 -0.011718221679080907 0.999918457106595 0.026932717070506
0.9529583726485839 -0.30308423682597924 0.003207083811883967 3.586526029707160 0.30300096536783944 0.9528619890670611 0.015634729844849184 1.262787288803373 -0.007794548423103006 -0.013927497218731311 0.9998726268060858 0.027299665078587
0.954206761648399 -0.2991445104266335 0.001420530212687288 3.719784275410865 0.29908710349454537 0.9540978515362286 0.015626714856164178 1.307381402441742 -0.006029970789191076 -0.014486254711364215 0.9998768863598753 0.027003616594188
0.9534215786699279 -0.30162418510664935 0.0031850094649916202 3.804186140099112 0.30152367753315823 0.9532920848717263 0.017823378125297686 1.347252374901681 -0.008412206216108638 -0.016032837542590193 0.9998360780182473 0.024279529645698
0.9550265599569236 -0.29650373213617703 0.0031315501213732876 3.862541924802401 0.29640959461087285 0.9549053816164523 0.017235555765787287 1.362451973891026 -0.008100740673698141 -0.015532192029965669 0.9998465527326089 0.023514131699348
0.9585654470329293 -0.28487156918480483 0.0006876225325085146 3.940144740247068 0.28482125708543315 0.9584363037373071 0.016634397814225252 1.379947165609203 -0.005397709406206583 -0.015749309462807067 0.9998614023876564 0.019805821318090
0.9627485678196724 -0.2703827027121802 0.0028964176540092904 4.025254293598405 0.2702888544091481 0.9626085960825557 0.018128042645625602 1.405116346789647 -0.0076896256970005235 -0.016669877684857393 0.9998314782175104 0.018838541640617
0.9677142661078421 -0.25204906263922344 0.0006076134046221485 4.097093829580148 0.2520063519980382 0.9675894168227948 0.016233268468331098 1.412225362056137 -0.004679500400845773 -0.015556043044838668 0.9998680471946214 0.029324846969440
0.9712620001011755 -0.238009519123527 0.0012633154996876642 4.182227243564071 0.2379661874779129 0.9711629371681668 0.014650702649566227 1.422775915516379 -0.0047138918836917825 -0.013929044385262856 0.9998918746273631 0.022090804992905
0.9753902809457629 -0.22048525779225267 0.00022568302933401388 4.261581610692020 0.22045909686137807 0.9752893296084546 0.01443988098831763 1.436219511648273 -0.003403887132581836 -0.014034765697194595 0.9998957140143233 0.017801476821688
0.979124000320338 -0.20326376377996228 -0.00018528546203798398 4.338549387845734 0.20324546551890263 0.9790227846996514 0.014341122164760009 1.453234139054475 -0.0027336317790285715 -0.014079395333028282 0.9998971436524624 0.022574106840086
0.9819927339659168 -0.18891766847630992 -0.0006204640353614021 4.427540462330487 0.1889047430700745 0.9818750528124687 0.015374612520030112 1.469064011221461 -0.0022953177935220582 -0.015214966381395151 0.9998816111491599 0.032377419518711
0.984448109189289 -0.17567549779547517 0.00019946915979078745 4.511690753960981 0.17565344382478684 0.9843412914602264 0.0147678569503503 1.483250394462618 -0.002790696351480107 -0.014503151406696163 0.9998909293583718 0.021862106388953
0.9871573523307015 -0.1597477577814359 0.0010077813468308023 4.600929515265562 0.15971074479576902 0.9870308554628149 0.016203961278794636 1.497335435542156 -0.0035832577663465265 -0.01583490600375049 0.9998681993221068 0.021889489387165
0.9900782464094837 -0.1405143285154347 0.0008885204432463612 4.681653327805374 0.14048067312278104 0.989945574427893 0.016520900387062915 1.503714595101390 -0.003201010104938976 -0.01623216413437841 0.9998631258236412 0.027417479973041
0.9925171281076528 -0.12210463680112052 0.0004561629134998995 4.757906641697573 0.12208235019649027 0.992394848548631 0.01575957945635645 1.502105477969882 -0.0023770114511130398 -0.01558596310165472 0.9998757060608859 0.030367600585824
0.9944729208207316 -0.10499332437286982 0.00010766344013682194 4.837214026579800 0.10497753896405493 0.9943401713619955 0.016350532983600157 1.506692969281090 -0.0018237508967315077 -0.016248860050194592 0.999866315304069 0.025394463053908
0.9964729630915471 -0.08391269486990649 0.0005417261504617675 4.947926820108875 0.08389513341483046 0.9963613847488997 0.01501990581072051 1.513413450489552 -0.001800115790698503 -0.01492148186089732 0.9998870481020419 0.029239711949491
0.9971337278626098 -0.075645324542751 -0.0014538341159500128 4.992349346203664 0.07565833636739502 0.9970336801210932 0.014129997958522043 1.512409736616688 0.0003806532975504283 -0.01419949220963909 0.9998991096725987 0.036105458752855
0.9980286125352552 -0.06271686074191356 -0.0023417812948531673 5.083402753946165 0.0627450837492181 0.9979163238117502 0.01503546259167934 1.512748713129114 0.001393924767378389 -0.01515275713266738 0.9998842187598629 0.036251743513382
0.9992117303380531 -0.039575989866324345 -0.003107890109762082 5.202700334272640 0.03961737546458536 0.9991078322321082 0.014628845947500918 1.510239357124138 0.0025261662914056863 -0.014740440921432325 0.9998881626888629 0.037637964417812
0.9994244146658123 -0.0337639806071626 -0.0032913497926318576 5.243903450254803 0.03380999502846081 0.9993141488485785 0.015103514399519498 1.521894696782062 0.002779137649301473 -0.01520610155826225 0.9998805182967243 0.030211544014790
0.9998619362975908 -0.016531679339272735 -0.0016768784857226799 5.328795915879995 0.01655260429087666 0.9997739454901104 0.013344257578724393 1.518027676944572 0.0014558964324663138 -0.013370171927135226 0.9999095553439905 0.037034654525665
0.9999902982966176 0.0031828796143091257 -0.003045092774073618 5.406960056573817 -0.0031429940794559536 0.9999103665695084 0.01301462312354279 1.508700731909265 0.0030862438105899526 -0.013004926150969303 0.9999106695075063 0.033188567469564
0.999557875501728 0.02957945879239646 -0.0030181351893137916 5.532230870869569 -0.02953107269484424 0.9994515653702677 0.014982797616381925 1.504061580182061 0.0034596629841473427 -0.014887044584824578 0.9998831964962536 0.031956961662458
0.9992964693557229 0.03742156454693153 -0.002488541751033316 5.573564968123103 -0.037376827004979976 0.9991717183733161 0.016088816176294856 1.507020072378273 0.003088549210648633 -0.01598448340656165 0.9998674697948717 0.033542523385758
0.9984027409185918 0.056413587193778626 -0.0030780036018758653 5.655028677682068 -0.05636276106128845 0.9983028004956281 0.014654613203161602 1.495156730039594 0.003899498915415963 -0.014457721207580015 0.9998878778171544 0.042325464062370
0.997495369086512 0.0707116727543109 -0.0016875980713102706 5.772362625388303 -0.07067448765321438 0.9973636305478047 0.016459199721059754 1.479077703856850 0.002847006483780907 -0.016298705371572707 0.9998631140097588 0.045901136256153
0.9973101247881748 0.07304031726681715 -0.006134089056885474 5.816587310992636 -0.07292718471375464 0.9971924916167181 0.01699295127302918 1.469454501267835 0.0073580381027160855 -0.016499900508921996 0.9998367929609685 0.051116645975031
0.9971622754455938 0.07508176793190813 -0.005488583823248863 5.953482610855398 -0.07499376694856602 0.9970743809096907 0.014785596113148744 1.460726404403855 0.0065826550137391615 -0.014332029087888535 0.9998756230627858 0.046857247684651
0.9971709313416485 0.07495874725053045 -0.0055964183064194555 6.011827913367179 -0.07486610335811197 0.9970769937490321 0.015249101756008418 1.460385634474411 0.006723113505053015 -0.014786978968798855 0.9998680637953061 0.045000326379247
0.9974236478210284 0.0714467808636526 -0.006436169016912921 6.137424958049116 -0.07134548200267614 0.997341979011751 0.014791859204635566 1.452092831411142 0.00747589226774165 -0.01429455858518032 0.9998698798492012 0.045794144594469
0.9978582492928947 0.06505689114178165 -0.006820207701059532 6.218405793256357 -0.06492974017667089 0.9977372655036908 0.017449294134939952 1.455694424500109 0.007939972210860067 -0.016969087782907233 0.9998244880483308 0.049416536288344
0.9981962484786798 0.0591520399848772 -0.010260881478562753 6.283580318851720 -0.05900008425942946 0.9981522443391316 0.01452883953159257 1.452490564068454 0.011101332373631865 -0.01389724024337322 0.9998418010531207 0.052840498190237
0.9988259115016959 0.04805488346484231 -0.0061259030344005365 6.385406796555102 -0.047969143581191157 0.9987582688378697 0.013449226448710721 1.447170415145138 0.006764597319391601 -0.013139581544404587 0.9998907898465434 0.050218584763998
0.9994660138844165 0.032211368174024785 -0.005487699914608719 6.478928193765505 -0.03210662298628679 0.9993185236437354 0.018211344346904943 1.453049621921696 0.006070572494568737 -0.018025428229657362 0.9998190996809001 0.053045699705296
0.9997049148493911 0.023337094657899005 -0.006742643316983388 6.534123826032540 -0.023226518335719596 0.999601590851475 0.01603709491151059 1.457064440099705 0.007114216188188295 -0.015875754474310166 0.9998486627224638 0.057097005740865
0.9999428806509075 0.0051361316230675415 -0.009373131147885147 6.656599222270605 -0.004979131076169606 0.9998481939853399 0.01669722246305043 1.465972368075349 0.009457467382510567 -0.016649598679992238 0.9998166567798837 0.059179237063097
0.9999553991718474 -0.002348091139706468 -0.00914801262958083 6.741167516322890 0.0025097918553620264 0.9998401067759971 0.017704853204856184 1.475866884305860 0.009104977315408143 -0.017727023161331398 0.9998014062992328 0.055145234562543
0.9999541569648063 -0.003982598076054193 -0.00870763351136287 6.802159079594076 0.004144126661821327 0.9998182015135413 0.018611559215675227 1.483164961533433 0.00863192811684515 -0.018646791541506898 0.9997888712034122 0.055744556528228
0.9999564424594279 -0.005831501195846632 -0.007287439721020502 6.908740738805050 0.005952169413666645 0.9998436976442442 0.016647881557612612 1.480044022810207 0.007189218535813146 -0.016690532492647625 0.9998348569948721 0.064782615441132
0.9999661742582985 -0.00527098414526068 -0.0063140371683013735 7.039825005552534 0.005373558201366856 0.9998520517323397 0.016340119916549416 1.480992734582181 0.00622697450442859 -0.01637349604608321 0.999846554935181 0.067054808942858
0.9999580947514469 -0.007974159683837245 -0.004496834263449259 7.090059279815780 0.008052475059626345 0.9998113555837175 0.017675148974290903 1.491529869606218 0.004355041500417904 -0.01771061893853362 0.9998336699623311 0.065291143990132
0.9999647426948991 -0.006677337056569913 -0.00509181077390068 7.181036307139906 0.006767564537777973 0.9998166325089256 0.01791372180031092 1.494931267972216 0.004971261142935743 -0.01794754936878244 0.9998265709783392 0.068123374182559
0.9999708300847384 -0.00716784325752375 -0.0026383712162599644 7.285150454263086 0.007207312358613125 0.9998574738848837 0.015267172793435913 1.493769257318173 0.0025285624778913964 -0.015285743016772803 0.9998799690123913 0.066302034505244
0.999962518702907 -0.008295493845823867 -0.0024791069344393176 7.381933709290529 0.008330549859624907 0.9998604321402349 0.014481649746454491 1.495675362533535 0.0023586284944412594 -0.014501759279362637 0.9998920620994192 0.071800406110265
0.9999632896743263 -0.007949121975009486 -0.0031985564752945407 7.480674588656723 0.008008658357503747 0.9997864105977002 0.019052416525985067 1.504742968331059 0.0030464233146450183 -0.019077333251617343 0.9998133699151031 0.071825680443492
0.9999672661603153 -0.008063966638987435 -0.0006626084141170395 7.607565311577293 0.00807464139287144 0.9998035342344277 0.018102295399313323 1.508583881189897 0.0005165019280585271 -0.018107053167005692 0.9998359204646358 0.073195697019204
0.9998888273905311 -0.014543265283241086 -0.003290333492232552 7.657818632487237 0.014603096250966313 0.9997136679994924 0.01895604375616712 1.515027023609736 0.00301370859139472 -0.019001985420002393 0.9998149039250336 0.073330897305685
0.999764415677876 -0.021270965851416336 -0.0043196245233985305 7.754166532403273 0.021352532935648177 0.9995757789516476 0.019807358997074635 1.518284539031709 0.0038964703909212073 -0.01989492761873774 0.9997944835682671 0.072934025793042
0.9994820164686976 -0.03198313257347389 -0.003574630953491639 7.885801959867164 0.03204354765185578 0.9993177983986861 0.01836161369504954 1.528222317540622 0.002984930409459377 -0.01846664653884338 0.999825021269252 0.067677103103933
0.9993887885672857 -0.034806123772666266 -0.0032531575330516445 7.943685385944825 0.03485504920477576 0.9992571780168797 0.01643830060178055 1.523921391153523 0.002678587490763672 -0.01654164229040375 0.9998595897621779 0.070679334357351
0.9990989672068133 -0.04234520590699107 -0.002852588819548062 8.069690634200786 0.04239088421784478 0.9989295641893111 0.01851320403880062 1.531092729969245 0.002065589869301296 -0.01861744679722529 0.9998245466146769 0.071924183698791
0.9991144539479069 -0.04201565710343231 -0.0022343837053559897 8.136448922773495 0.04204801894322104 0.9989666734089425 0.017249623799427006 1.534835902033789 0.001507320578538689 -0.017328299871540564 0.9998487175609295 0.073714926076150
0.9990511650596247 -0.043496656922801115 -0.00219326914599265 8.261056978375329 0.043525248420167105 0.9989346320842419 0.015334717887296465 1.550235888076624 0.0015239235444622114 -0.015415630355595818 0.9998800108001811 0.071779798698321
0.9988204903530934 -0.048531979739569596 -0.0015083081131130882 8.316051539509687 0.04854862060345435 0.9987183672472232 0.014305745717805664 1.559919001224709 0.0008120888546980646 -0.014362098231061958 0.9998965299700231 0.072422968675010
0.9989957608007421 -0.04480363809930902 -0.00032235882581837594 8.389355936649165 0.0448028956758176 0.9988612008560152 0.016401279326355957 1.552657601173966 -0.00041284525944025314 -0.01639925112758177 0.9998654380071582 0.078225034456706
0.9988477208186618 -0.0479902403726534 0.0004091996330011723 8.486369474904381 0.047976544738675145 0.9987063366521391 0.016849459510680457 1.566632590375005 -0.0012172798785008467 -0.016810412244769767 0.9998579540464027 0.076329065349213
0.9988467536857181 -0.047983702735980405 0.0016513398340664172 8.614713294031635 0.04794610511312815 0.99868629454696 0.018079161721258702 1.579250136833667 -0.002516675581670176 -0.01797913668137671 0.9998351949137463 0.073273050009201
0.9988068406641403 -0.04870946957744698 0.0035046563315758675 8.717690043048687 0.04864887390524832 0.998692790621042 0.015684292438835613 1.587645369271136 -0.004264048577342451 -0.0154950809949298 0.9998708518377214 0.073627577683770
0.9989478387460501 -0.04562283075739861 0.004666130975146514 8.820941012974856 0.04554056663675867 0.9988273172805879 0.016433108180336334 1.585015181766342 -0.005410383997314952 -0.016203319652017514 0.9998540794422235 0.073256995898154
0.998761759767808 -0.049408967623298494 0.005805268633858925 8.912216196502264 0.04931134167763222 0.9986568411726514 0.01590299220315399 1.594884620944191 -0.00658322166292743 -0.015597034893261153 0.9998566865781692 0.075030459535262
0.9987011767029187 -0.050755187997707535 0.004457638783359493 9.038628225422974 0.050669482538292135 0.9985604058825513 0.017598844933003906 1.599273953655973 -0.0053444542759063735 -0.01735012089270775 0.9998351914758258 0.074952153835533
0.9987821377243389 -0.0489523644538235 0.006156896716682386 9.100997206139668 0.048842207772943756 0.9986631227242486 0.016923535402416843 1.603139853642917 -0.006977112774239 -0.01660220843840667 0.9998378301366193 0.072129240823628
0.9988202847361357 -0.04844708626646098 0.0033043353211842075 9.193018446039735 0.048391028114568885 0.9987106926412769 0.015338213781138298 1.605964929366751 -0.004043166783567144 -0.015160218872792888 0.9998769027065728 0.076943506298152
0.9986761491741075 -0.05135924372720181 0.0028595724410680054 9.280221684593867 0.05130563557785503 0.9985479967069296 0.01642041505352557 1.622883597957382 -0.003698760431302634 -0.01625196469192555 0.9998610867590179 0.074970271495383
0.9989182032919978 -0.04624580786818279 0.00487323162862691 9.377914704787321 0.04617880545690013 0.9988477410946371 0.013065528566211565 1.617394843708667 -0.005471842327854202 -0.012826354305095551 0.9999027670612675 0.065675932610726
0.9988797607363773 -0.04715409968213789 0.003964148635533834 9.508282512097857 0.04707510442375182 0.9987274690316205 0.018093566403185723 1.633314816864233 -0.0048122899674130585 -0.017886684568712886 0.9998284394736974 0.066184111038521
0.9987706106370016 -0.049419356233433014 0.003872280628263342 9.567435353712151 0.04934034170224249 0.9986130816808326 0.018369642800467087 1.644067532862632 -0.004774726012760248 -0.018155999707640626 0.9998237653037255 0.068344091725206
0.9987999898065059 -0.04877486704228751 0.004426365047175982 9.668609450726848 0.04869757506898522 0.9986829728813585 0.016151342335922293 1.651613281006707 -0.005208314979360923 -0.015916407316312983 0.9998597608831036 0.070617112043384
0.9989312661457314 -0.04615420176276408 0.002472888215846841 9.762652979079778 0.04610333820993173 0.9987795788201036 0.017715392680863747 1.645317394607829 -0.003287510058791885 -0.017582451239193508 0.9998400120449444 0.080393977178351
0.9987796510462168 -0.049364264306718454 0.0015420977445839952 9.887366679817072 0.04932786809309644 0.9986149587854494 0.018300970447638416 1.651035161765176 -0.0024433758178975472 -0.01820256848336792 0.9998313339834979 0.081707964991685
0.9987510363763409 -0.04991274794086224 0.0022549789748444 9.984554363611666 0.049863228894572634 0.9985879664977633 0.018322979290207892 1.659583464068277 -0.003166345115822866 -0.01818765402282224 0.9998295772279162 0.082381076418639
0.9985512351357365 -0.053671655451894666 0.003845024050410564 10.050745956596355 0.05358235159022192 0.9983541824890718 0.02044157294923838 1.670819028070984 -0.004935828902724751 -0.020205932486037286 0.9997836555402437 0.081993147915950
0.9983871129231724 -0.056726958571112075 0.0022858084355446844 10.168902539036745 0.05666919377707335 0.9981872272101645 0.02026972893602496 1.690409150016261 -0.003431504857811512 -0.0201075012310021 0.9997919349387931 0.083583453573304
0.998271736649919 -0.05868684499876436 0.003064968196562503 10.232627730639447 0.05860972812674361 0.9980591029218986 0.021045827226418942 1.698654881891167 -0.0042941326090529435 -0.020829817541833738 0.9997738139830977 0.080316189141886
0.9983318722358568 -0.057598638019927345 0.003983688780294406 10.329412773476641 0.057520102082386254 0.9981889374763573 0.017614850446506614 1.697349457164264 -0.004991065465482048 -0.017356324440108577 0.999836910334605 0.077149677339183
0.9983803421060593 -0.05674715858236349 0.004056166788492593 10.427519239783845 0.05664541833265992 0.9981545159222481 0.021882845471749422 1.701593894699417 -0.005290470499486445 -0.021617639483778015 0.9997523136182499 0.079050975237973
0.9983094131154406 -0.05798847507753631 0.003956316883977723 10.525287390523770 0.0578891840560448 0.9980855518945606 0.02177322825526063 1.717269713111669 -0.005211339024652365 -0.021507390764857144 0.9997551070577524 0.080692559443364
0.9981619312115132 -0.06047942546679039 0.0038727477724828374 10.653587962227828 0.060373271827390815 0.9979033731210435 0.02332222035955031 1.726172245828606 -0.005275142553363115 -0.023045542060242178 0.999720498870655 0.081761688660289
0.998422902287975 -0.056123664650858864 0.0013573698886787018 10.744331523056047 0.05608321273645563 0.9982079852045297 0.020868433651589986 1.731674397907790 -0.0025261504338057977 -0.02075939642839569 0.9997813090991022 0.084217625558453
0.998250284698004 -0.0591282143199662 -0.0004726221387766879 10.832293151690651 0.05912240308116427 0.9979594178460813 0.024115177507510865 1.740824133022338 -0.0009542296695533773 -0.02410092536900946 0.9997090751023996 0.088628012379824
0.9982893023310242 -0.05843303655524266 -0.002012235167806553 10.893423449995574 0.058463245529330875 0.9980459046218259 0.022054958394396303 1.742981732582120 0.0007195648782812278 -0.02213487082715988 0.999754734782412 0.088200521040706
0.9983298119570997 -0.05765098027396555 -0.0037351079171469236 11.018059797932853 0.057714128324733716 0.9981351277766761 0.01988331184573302 1.749740662919993 0.0025818499991416594 -0.020065671473671963 0.9997953304946431 0.085540037474995
0.9982545606701079 -0.05897490096403167 -0.0031294021174438453 11.114745945908339 0.059029396786575594 0.9980167518985241 0.021865343467064494 1.759588320858289 0.0018336892711210053 -0.022011905555910823 0.999756027037324 0.080913578426360
0.9980740175447046 -0.06187325873793818 -0.00446714173950359 11.210770031612254 0.06195517784479894 0.9978490959494921 0.021418161709183172 1.767431686577743 0.003132321885118609 -0.021653673266435473 0.9997606248466072 0.080640210644583
0.9980272330030324 -0.06257926132382703 -0.00504759709911256 11.305455342547319 0.06265602417462622 0.9978930825664897 0.016840973860729757 1.765071463449407 0.003983066524608755 -0.01712401290916628 0.9998454397370362 0.082091078250580
0.9976991202261529 -0.06743239604383953 -0.0070240631935646345 11.391342603723574 0.06755866967896372 0.9975220622346596 0.019635720163027504 1.772849045595399 0.0056825743434718865 -0.020065077096757672 0.9997825268676844 0.089627619680939
0.9972551157187156 -0.0737755022602753 -0.006277693772013891 11.492587433826358 0.07389543610161309 0.9970298959050116 0.021699105857020912 1.790206876536022 0.00465818593483395 -0.0221034372414314 0.9997448371289099 0.093847201175473
0.9969382390567728 -0.07785766818729076 -0.007234017612546061 11.556219195032099 0.07799731586041023 0.9967195797467128 0.02159856634380262 1.797138993148103 0.005528672982940259 -0.022096670653606994 0.9997405518038536 0.089678553680847
0.9962666790930739 -0.08606611475356184 -0.006732608713191109 11.671695383376527 0.0861811655813201 0.9960937806863662 0.019235040342727407 1.819543715074727 0.005050824477577934 -0.019743453830776095 0.9997923210361883 0.088873505627210
0.9956159773706504 -0.09323427357048081 -0.007496388201609757 11.734645747774511 0.09335889259897426 0.9954610393371768 0.01847799595305067 1.827001934432658 0.005739579860728435 -0.01909684250164177 0.9998011641468967 0.092249184959265
0.9947313704986391 -0.102022208260073 -0.010048361440429412 11.852971334743001 0.10220091007079263 0.9945774389436206 0.019253361396139652 1.838956674756457 0.008029603140938705 -0.020178874252219734 0.9997641414390257 0.092613557177092
0.9941708333240242 -0.10740616251175468 -0.009395234021237854 11.923498360789935 0.10756571008439249 0.9940248832773689 0.0185512651712364 1.842909611320022 0.007346576199544052 -0.019453731773406528 0.9997837666906942 0.095983210752234
0.9932309947795412 -0.11586144630939671 -0.008265365590077867 12.009151421825347 0.11599156466513474 0.9930953633502813 0.01753728082419444 1.858120949166250 0.006176401523276075 -0.018377283566065314 0.9998120460931423 0.095966526647485
0.9922581071332178 -0.12388363484365933 -0.008757502288125144 12.098557637030412 0.12403172407244273 0.9920945515462585 0.019092726778693135 1.880076865742141 0.006322993912781471 -0.020031121040802274 0.999779362628489 0.092562316299409
0.9916390999093927 -0.1287269965630158 -0.009014204721144661 12.192045930862436 0.12886270736499453 0.9915239304846065 0.016574013603254827 1.892886846829841 0.00680427670316069 -0.017597034756526662 0.9998220072524531 0.097990890298568
0.9909186706578648 -0.13426973268530146 -0.007199098990007033 12.282294464249327 0.13436472964561896 0.9908195480221376 0.014924566475005537 1.905918449164949 0.005129090456402389 -0.015756336561041764 0.9998627057197729 0.101984383099746
0.9892783022566686 -0.145813600366798 -0.008175245087163682 12.365303802957980 0.14593462488974815 0.9891489961964101 0.01695135929425036 1.926476586481453 0.005614796741821759 -0.017962663268735784 0.9998228927094248 0.103731411643369
0.9878117045326095 -0.15538958093589386 -0.009061706514118239 12.461716621347488 0.15552129147561058 0.987697897165198 0.016309256059191077 1.945619502039384 0.00641594000430887 -0.017519762327536947 0.9998259316710323 0.102936495698678
0.9864544597640872 -0.16363188315036922 -0.011498070629757051 12.544583794155900 0.1638181539285489 0.9863310981454194 0.017736326414829626 1.965570690767641 0.00843867613937366 -0.01937967099604714 0.999776583591104 0.100893851091636
0.9844052098866364 -0.1754621071894141 -0.012626626180335556 12.627678122010877 0.17566891381839658 0.9842896492680662 0.017729045705060054 1.986155108855113 0.009317481736614197 -0.01967067066466989 0.9997630965632258 0.100330515000134
0.9823757058502325 -0.18632059413098348 -0.014920079019057886 12.707277869161736 0.1865573141928301 0.9823063005899695 0.016452973664543447 2.002454676019207 0.011590559797321617 -0.018946451486381393 0.9997533150230905 0.111414151709783
0.9805857325384929 -0.19566992840633882 -0.012841349594394966 12.795495005114962 0.1958583112369112 0.9805087866806866 0.015557672107127777 2.023663514106623 0.009546887522771748 -0.01777071634532256 0.9997965085852228 0.107934444461584
